  22.235080    0.01130  2.143   2.811   4.80  0.69  1.00
  67.803960    0.00012  8.735   2.858   4.93  0.69  0.82
 119.995940    0.00008  8.356   2.948   4.78  0.70  0.79
 183.310091    0.24200  0.668   3.050   5.30  0.64  0.85
 321.225644    0.00483  6.181   2.303   4.69  0.67  0.54
 325.152919    0.14990  1.540   2.783   4.85  0.68  0.74
 336.222601    0.00011  9.829   2.693   4.74  0.69  0.61
 380.197372    1.15200  1.048   2.873   5.38  0.54  0.89
 390.134508    0.00046  7.350   2.152   4.81  0.63  0.55
 437.346667    0.00650  5.050   1.845   4.23  0.60  0.48
 439.150812    0.09218  3.596   2.100   4.29  0.63  0.52
 443.018295    0.01976  5.050   1.860   4.23  0.60  0.50
 448.001075    1.03200  1.405   2.632   4.84  0.66  0.67
 470.888947    0.03297  3.599   2.152   4.57  0.66  0.65
 474.689127    0.12620  2.381   2.355   4.65  0.65  0.64
 488.491133    0.02520  2.853   2.602   5.04  0.69  0.72
 503.568532    0.00390  6.733   1.612   3.98  0.61  0.43
 504.482692    0.00130  6.733   1.612   4.01  0.61  0.45
 547.676440    0.97010  0.114   2.600   4.50  0.70  1.00
 552.020960    1.47700  0.114   2.600   4.50  0.70  1.00
 556.936002   48.74000  0.159   3.210   4.11  0.69  1.00
 620.700807    0.50120  2.200   2.438   4.68  0.71  0.68
 645.866155    0.00713  8.580   1.800   4.00  0.60  0.50
 658.005280    0.03022  7.820   3.210   4.14  0.69  1.00
 752.033227   23.96000  0.396   3.060   4.09  0.68  0.84
 841.053973    0.00140  8.180   1.590   5.76  0.33  0.45
 859.962313    0.01472  7.989   3.060   4.09  0.68  0.84
 899.306675    0.00605  7.917   2.985   4.53  0.68  0.90
 902.616173    0.00426  8.432   2.865   5.10  0.70  0.95
 906.207325    0.01876  5.111   2.408   4.70  0.70  0.53
 916.171582    0.83400  1.442   2.670   4.78  0.70  0.78
 923.118427    0.00869 10.220   2.900   5.00  0.70  0.80
 970.315022    0.89720  1.920   2.550   4.94  0.64  0.67
 987.926764   13.21000  0.258   2.985   4.55  0.68  0.90
1780.000000 2230.00000  0.952  17.620  30.50  2.00  5.00

